2 52 58 64 76 82 83 89 110 113 128 132 134 136
6 10 34 40 48 62 68 73
28 32 35 45 47 52 56 70 71
3 21 38 45 46 57 59 62
7 15 22 38 57 74 100
2 10 13 26 34 39 44 47 48
5 7 12 16 31 40 41 46
9 29 30 37 45 56 83
3 4 9 20 25 42
4 11 31 36 37 80
9 16 18 31 38 74 77 101
5 24 33 43 44
6 22 24 36 48 49 54 67 82 84 87
26 34 36 65 66
8 30 31 37 49 59 72 76 89 106 116
16 41 51 54 56 67
4 9 35 45 56 69 74 105 114 115 122 131
9 26 73 75 84
7 9 10 13 24
4 42 46 47 53
2 15 26 30 50 51 56 58 60
2 8 9 14 16 21 37
14 16 21 47 74
8 11 14 20 34 47 60
16 23 44 50 70 76 81 92
9 10 15 49 57 60 61
5 31 35 37 43 44 55 67 70 71 75 80
8 9 10 17 19 28 30 54 71 97
8 9 10 11 28
30 53 57 67 73 129 140
3 8 9 10 16 24 27 30 37 39
21 55 56 79 90
11 20 22 24 35 37 48
4 53 57 60 65
3 4 7 17 19 20
3 35 37 50 52
19 32 35 37 45 51
8 36 41 42 49
9 10 11 21 35 64 74
6 8 18 54 56 57 102 106 107 123 137
6 17 31 43 54 63 64
10 17 26 34 36 46 49
5 23 28 29 36 44 55 66 70 74 78
7 24 29 37 46 51 55 70 80
6 15 18 26 27 28 53 56 64 71
6 19 32 52 53 73 79 83 86 87 93
5 14 18 23 27 29 78 84 88 96 99
17 23 28 39 42 45
22 31 38 41 42
4 10 21 35 48
7 8 16 25 37
13 28 35 39 69 81 87 93 100 102
21 24 31 39 43 68 82 85 86
2 6 13 17 30
9 16 36 39 41 49 58
12 18 25 31 38 42 50
18 21 25 59 65 66 69 73 82
8 36 53 63 85 86 90
2 13 32 56 60 70
3 21 23 51 52 69 76 82 91 97 112
8 12 18 22 33 40 46 52
23 24 25 33 50 52 57 73 78 80 102 114 123
8 16 18 24 27 39
4 53 54 74 116 126 127 140 143 162
32 34 36 40 43
2 11 21 22 29
2 20 28 52 61 67 89 93
4 12 14 19 45 51 80 98 151
3 16 36 58 63 77 86
18 40 50 51 54 65 72
25 41 76 85 103 107 110
5 17 18 30 38 62
6 9 20 26 32
5 13 18 22 37 63 74
20 27 29 61 75 89 94 117 123 138 143 144 147
9 32 33 35 46 48 57 65 66 71 73
6 26 29 31 32
14 27 41 73 79
13 33 34 38 43
15 16 21 31 34
13 16 17 39 40 51 57 62 69 70 72
3 19 24 25 30 38
5 27 41 50 56 104
6 24 27 30 33
4 8 11 12 13 15 16 17 58 70
2 20 31 48 54 58 59 63 72
3 9 13 20 32 34 47 49
14 16 18 22 23 24
9 10 36 41 53 54 55 60 64 66 72
21 30 46 54 57 68 74
2 10 21 39 41
4 17 25 26 34
2 14 16 20 25
16 26 27 29 45
5 9 11 14 16
27 33 34 41 44
7 11 13 26 31
7 8 13 37 52 53
9 19 27 39 47 49
16 26 30 34 38
