50
2145538807
1196940377
1725282365
3222517031
2170834027
1879525800
3341130318
1117532549
2083004561
3248585903
738758671
3530019905
267312177
2899250734
146058866
1763904098
4950989026
4338005532
2909382038
347285496
2365451006
2719735478
655857847
3050325694
348275010
2553349698
1719528183
1967368902
3135823648
3484536349
3119775909
3469606169
1149160685
3198768615
3010417480
3472280296
4033908695
2078503887
3053954909
3254378939
1078956320
2495589181
3617869219
1018955312
409431540
1523203037
2038470154
3488663716
2026115863
4411238275
